70
64
45
531
601
119
282
345
130
88
1169
561
1134
116
867
936
1110
552
603
1233
324
175
341
1049
494
1280
1086
634
1228
1022
283
706
1208
90
261
579
547
1057
843
49
381
125
237
1010
926
1124
89
938
172
784
15
618
267
1092
1017
581
973
1253
827
173
1112
1111
1163
369
1103
85
979
27
818
990
1027
79
503
295
537
1259
459
1015
223
1039
1244
726
438
1175
370
1164
1234
143
300
1119
1226
956
42
365
977
1155
1189
26
241
1136
137
13
704
641
1038
443
108
229
434
772
1221
1180
146
158
746
1196
943
832
2
716
460
738
100
432
592
1220
214
322
474
526
1107
133
257
513
112
570
431
901
881
556
1245
680
250
222
785
583
1184
572
160
586
317
132
949
167
540
602
1167
970
256
1085
138
303
92
165
656
913
32
857
448
479
208
768
393
151
171
725
74
302
996
545
309
80
183
497
1132
984
477
101
773
272
660
1274
620
364
799
516
313
847
850
117
491
207
624
1282
1131
20
430
723
1123
563
512
1187
787
1227
96
403
546
925
1159
515
1140
934
176
189
655
37
216
291
380
1276
1061
61
992
440
1084
375
1172
873
728
833
864
1048
965
62
729
493
749
299
1056
1036
187
719
1108
292
1206
219
33
593
501
922
280
691
1230
717
227
338
649
630
344
866
888
93
327
605
1182
882
68
912
530
694
683
134
271
163
486
359
705
994
886
73
736
1223
266
845
195
332
946
954
181
1037
754
490
149
71
1087
210
205
1198
76
428
362
743
1170
1030
347
278
489
65
553
161
852
554
1171
50
228
735
1115
1002
500
921
650
1128
617
442
733
29
289
744
765
861
896
800
1145
145
510
234
904
950
709
953
288
775
6
53
894
585
180
1249
1067
898
23
917
1090
44
399
342
135
1122
121
109
58
907
783
1255
693
823
83
893
388
676
343
1235
111
653
275
1166
825
420
1279
476
416
958
937
4
1213
679
806
808
294
844
804
9
159
664
1224
821
1185
444
699
597
312
1264
874
964
801
595
791
522
1150
1100
872
993
243
467
296
1192
1160
197
1105
764
876
810
346
1260
1044
263
1151
204
407
472
829
594
225
358
752
822
1141
367
1149
129
423
262
606
944
947
963
376
884
780
1026
308
325
711
1080
200
1243
720
928
831
273
1066
248
687
988
400
220
333
392
48
1055
105
412
891
587
1059
562
887
811
410
232
136
391
1130
1214
374
285
824
948
858
456
919
1113
737
1060
569
1072
1254
104
1165
1078
654
19
667
233
798
1179
730
790
1126
1177
582
1083
264
668
356
31
517
1125
980
196
69
1098
1270
236
191
1191
166
671
206
258
559
753
1047
610
464
240
1
30
499
122
340
186
361
527
995
550
1003
274
890
1006
908
724
323
853
766
1033
411
661
405
35
385
86
713
628
1014
1135
328
1238
672
390
462
311
1116
185
1157
147
349
351
1152
528
600
1257
619
260
533
482
659
1262
839
402
1186
140
215
879
816
1089
789
120
968
855
1109
920
715
828
1012
670
651
1222
974
820
201
678
348
732
1183
809
279
976
741
714
150
139
796
642
290
1268
1202
1181
75
7
673
1144
959
846
769
590
373
701
613
1053
304
8
930
504
495
700
909
657
1193
835
84
424
1063
1129
321
631
1178
17
712
1232
1156
1050
1217
916
446
1269
1250
1007
815
1121
755
987
566
742
1271
301
66
762
401
478
1133
596
520
415
1176
235
1005
1252
685
316
774
830
564
1218
211
599
534
538
776
1019
1251
708
584
989
387
640
536
128
897
1031
25
541
51
542
102
662
696
454
371
759
162
1069
357
589
1173
957
854
945
492
834
549
1004
449
56
1197
255
802
895
869
417
849
284
1114
918
681
1205
666
480
1256
95
665
1237
1118
575
1258
394
141
574
1034
298
475
625
761
878
1093
972
445
532
287
981
638
55
757
951
598
1041
1210
1029
868
148
1054
224
674
247
1203
627
794
179
910
689
164
383
612
675
352
1225
1241
386
514
1194
281
648
1106
1009
1076
1246
856
1073
875
940
498
933
1068
473
483
1154
59
718
244
40
28
688
734
1065
695
485
24
983
1042
1016
1058
663
455
1200
1023
217
377
782
616
900
813
1284
3
457
414
427
409
740
251
245
441
686
962
254
306
604
923
1199
524
557
986
914
1013
812
1278
113
707
87
1021
238
307
632
860
1102
621
334
190
697
157
126
1097
252
1046
212
118
270
1146
142
450
1045